-2.883896855782538959e-01 -9.911921487421452071e+00
9.056103054583177325e+00 1.020103575464581969e+00
-5.440328156740425136e+00 6.808651948584397706e-01
-1.976588236410031119e+00 -1.011369661982880253e+01
-9.037127071242197829e+00 3.384706083153874889e+00
-7.737456245872389893e+00 4.425459280522122896e+00
7.819170578703964480e+00 1.264798380646236398e+00
-7.925089092742526375e+00 6.275004834358179018e+00
-1.415625491561216753e+00 3.055956934495807076e+00
-1.208367816379565918e+00 3.329364241310177164e+00
-2.267427742742320618e+00 2.270895001281700409e+00
9.174298239290004986e+00 7.147693408954042260e-01
-6.273077351327176032e+00 7.512835955832583013e-01
4.221341624176697671e-01 5.051262853438454492e+00
-2.518332428624295183e+00 4.736064474331922014e+00
-4.748730869743271299e+00 4.089674366365406710e-01
8.353946245221225197e+00 1.251273246196958233e+00
1.048070416373118974e+01 -4.222353224135577676e-01
-8.573043442813659709e+00 5.462731306247107455e+00
-8.782438451158233406e+00 4.651028147618925246e+00
-7.381895410276032798e+00 7.312756091671384517e+00
1.080936795336620726e+01 2.458303204760151850e+00
-2.325066802431870361e+00 -8.481090543746894639e+00
-1.824604993978377276e+00 3.602583791963178683e+00
-7.047113055872020304e+00 5.755219828506476176e+00
-1.983534815806524687e+00 4.855104369321469271e+00
-5.582162176293968159e+00 -1.891015493471788766e-01
9.261930107534598333e-01 -8.777003614101912987e+00
-9.798475548102086208e+00 6.263579529760004760e+00
-4.757636297045304552e+00 1.013380973004685881e+00
-6.944254579127700389e+00 6.267794038211953911e+00
-8.435416291585660531e+00 6.088197981934220238e+00
-1.169663136694211847e+00 -7.273107880507959422e+00
1.459128895526598857e+00 -8.621051328216573495e+00
-6.533302990258062160e+00 9.965553352106899521e-01
-2.700223793277696238e+00 4.456179813224532715e+00
8.325425319608257269e+00 4.544894369186724958e-01
-2.151561135592024776e+00 3.177929871708677023e+00
-3.006622207499016763e-01 -8.684494603097999033e+00
-4.287753732363385417e+00 -1.543519959103037742e+00
9.611969733309880581e+00 6.322226626459835908e-01
-6.636039820322730876e+00 5.606801444768825249e+00
8.872812621744284201e+00 -9.703427550248409084e-01
-6.238001580618489861e+00 -1.681595786264841463e-01
1.888583356077657927e+00 -7.732797768020994944e+00
-9.127873357101009333e+00 4.401753058731496360e+00
-3.207427636498225709e-01 -7.958346324429780516e+00
-7.136514184583351295e+00 4.894298668545511433e+00
-9.370016673365870741e-01 3.733054265814581107e+00
-3.092274227898861305e+00 3.973976325975586921e+00
1.115290342625731457e+00 -6.526054854086602575e+00
9.695497702911143989e+00 1.628117282295637569e+00
-9.414113326759798284e+00 5.467100194709794359e+00
8.595321080194699093e+00 -6.568480569519292711e-01
-2.744212702636319001e+00 4.906775401916815049e+00
1.178473436760235360e-01 -9.103129171401857178e+00
1.062754059597228284e+01 1.857751652407166665e+00
-1.152675435910748281e+00 5.765879618010033347e+00
-1.642735793473852013e+00 5.314226670957223675e+00
-6.000968038519018943e-01 4.642015257589399368e+00
-5.367878186994293754e-01 -9.229429321457825353e+00
-6.378823237834632565e+00 3.795030140103550220e-02
-4.302953717256465360e+00 -7.528353466671904304e-01
-8.053033233746212716e+00 6.370353273804642669e+00
9.986524610135809610e+00 -2.617219073802514728e-01
-1.957285388769099743e+00 2.907307711333829481e+00
9.417654742072958385e+00 3.266688161543134794e-01
-2.749240332296826850e+00 1.649850990016995755e+00
1.095535021485521732e+01 -1.237963685960917104e+00
-9.004687964445494686e+00 4.476413456596713303e+00
8.144357782720224037e-02 4.645992905155285513e+00
-4.956187161218618797e+00 -7.077145330443957993e-01
-5.495085662490049927e+00 -1.157274532798200362e+00
-6.636255958754423423e-01 -8.949293437941264528e+00
-7.127544936061269709e+00 5.908064962336812442e+00
-8.734098135197731594e+00 5.829835633194796252e+00
9.341352497267402910e+00 9.623730599155958521e-01
-1.253339840600110389e+00 5.774138385909002302e+00
1.003335580742509769e+01 1.655797599116258567e+00
-2.353814612770502634e+00 4.761287886635438227e+00
-1.018217341568791134e+01 3.795277186322551621e+00
-1.086654039903869773e+00 3.756775809347854267e+00
-2.299060685744522381e+00 4.133460684815783992e+00
-7.328518294051223236e+00 5.251171662328270706e+00
-7.698505202010362147e+00 5.357421628696657834e+00
1.094315971974066670e+01 1.797165287724296734e+00
-6.976195096923272665e+00 5.315740608726912342e+00
-3.101095610184641416e+00 2.688488505484496471e+00
-9.338324204106601911e+00 5.972746194539868547e+00
-1.967363213284673673e+00 3.928042984274622285e+00
-6.033961124502400963e+00 -4.111728062695947927e-01
-9.128626079600822507e+00 4.811770321613682455e+00
-2.108137799694930870e+00 2.689994842429667798e+00
-5.808481302965311066e+00 1.770584763425062436e+00
-7.191741587503133637e+00 4.647185386714562050e+00
9.614836973953826416e+00 5.722915281369161944e-01
-1.832898049498545845e+00 3.481118338353950570e+00
-1.198545490395521274e+00 5.485590784303518319e+00
1.228630127854132059e+00 -7.928296770987688369e+00
2.368250198834336018e-01 -9.125088075797298970e+00
-1.520425683580366727e-01 -8.991486979129186707e+00
-6.769012965748062882e+00 -1.269603572337527631e+00
-1.567002913078220594e+00 5.213316792146944323e+00
-5.980301108379211250e-01 5.360488318099585925e+00
-5.009631797053881286e+00 8.638227050556996911e-01
3.403154384571818181e-01 -7.796108789547671947e+00
-8.761818079041637120e+00 5.898184197072192880e+00
8.571402659161870830e+00 1.535844615213546760e+00
-1.440000009216950705e+00 5.500338984753243565e+00
-5.824854864979132074e-01 -1.062066106881253624e+01
7.247050131968304498e-01 2.219672337516127136e+00
1.108797485632198487e+01 3.474208784476209844e-01
-1.167437776920091874e+00 3.638541547218739236e+00
1.086316164102869131e+01 4.768107000561451203e-01
-7.998374657706240676e+00 5.025101593252773391e+00
-1.008104704433381116e+01 6.571268632795430165e+00
-5.854440875175858094e-01 4.490769947355022218e+00
-2.049190657895562317e+00 -6.889646553256373096e+00
9.643600815049808261e+00 2.254578069807280372e-01
-9.707358156248419689e+00 5.781276546417059237e+00
-3.249023486527006788e-01 -8.273490211713347975e+00
-5.275671716312339221e+00 -4.409450071566241580e-01
-7.713174242089749555e+00 5.509311225992268746e+00
-8.385679287922460645e+00 4.261855294846598419e+00
-1.056159824072340880e+00 3.285765439708984381e+00
9.716647968361952437e+00 9.481670682793476024e-01
-5.966647046036081647e+00 3.390964517263728717e-01
-8.199374288760893137e+00 4.071851312932452949e+00
-8.451589473980295253e+00 5.169307251246300972e+00
1.148268113649664102e+01 8.819618510708273629e-01
-4.585206960576728719e-01 3.723181634892879455e+00
-1.821229049545371570e+00 5.097463154854228407e+00
-2.548076015266746097e+00 2.454656057013490766e+00
-8.573444844415719857e+00 7.297913141548973748e+00
-2.859665215325460919e-01 3.024875624196271318e+00
-4.253398257640633062e+00 -1.393261741262279418e+00
-5.835295410520358494e+00 7.580561175286842257e+00
-4.925528747349823266e-01 -1.005358122334629201e+01
2.778819345178136779e-01 -9.109673808155088537e+00
-4.085507830796864859e+00 -2.756245237229649536e+00
-5.612767021798097389e+00 4.988285798708914420e+00
1.080922646767130502e+01 -2.306803456655541762e+00
-4.801978854216457648e+00 3.438849572830477430e-01
-3.501319732630769455e+00 3.852378303410864735e+00
8.159862229116665588e+00 1.381498514278333811e+00
-1.601310104029540771e-01 5.373422174652846550e+00
-6.931351062251902562e+00 6.677921690256215292e+00
-5.392712686194626848e+00 7.699011284688699330e-01
5.502009111723918933e-01 -1.064276339347079059e+01
-7.985208796628170624e+00 5.960565845753385439e+00
-8.490782708033190573e+00 6.138114336744337152e+00
6.543782367586091775e-01 -8.881027048691636949e+00
-6.823134521334380587e+00 5.752711380258650919e+00
-8.800189363643440288e-02 2.772316555595204957e+00
9.593433554258741225e+00 2.388486627724735190e+00
9.359070987656822993e+00 3.372730599484508041e-01
-1.234441332578523953e+00 -8.436087550343771113e+00
2.928527578256188146e-01 2.592976960588331714e+00
1.293022927990588267e+00 -9.343330252521719004e+00
-9.066225805310606845e+00 5.637544494529875827e+00
9.980908908149727310e+00 9.529569087972045160e-01
-1.135529358094382824e+00 4.003768224591501834e+00
9.716647995155865303e+00 -4.734552282736796958e-01
-4.554386599013686698e+00 -1.088233439868089736e+00
8.834543289202589023e+00 1.977261755361050533e-01
-8.077269706777974179e+00 6.769769295012811661e+00
-3.341032759279005671e-01 3.593977820254084854e+00
4.716120554454246716e-01 -7.501619806155630954e+00
8.890863613889301575e+00 -4.676078478498324476e-02
6.533483115064703250e-02 -1.017231319906680298e+01
1.208441569385088288e+00 -9.820645752163647657e+00
1.010829854568035202e+00 -9.820274136891608663e+00
-9.235858880072163046e+00 5.902683014731168853e+00
-5.428157471212903040e+00 5.188063320931287636e-01
-2.513773553488986234e+00 2.628081426723822833e+00
-9.513965276306052488e+00 5.621153812221479029e+00
3.879881619914364865e-01 4.821784687862563423e+00
1.001429387260723836e+01 6.508631838039014017e-01
-1.077901748612206312e+01 6.501781833767728003e+00
-7.013462439599622122e+00 5.660952211148972957e+00
-6.301089040592861679e+00 4.656632892055827533e-01
1.703289660419917695e-01 -8.002073594315891825e+00
-9.597566638974928566e+00 5.008613378720029097e+00
-5.422195354358832375e+00 -1.931722013066427435e+00
9.881336432578404327e+00 3.003825636978287861e+00
7.135794083368085516e-01 -8.422483420922592501e+00
-8.002056453394073898e+00 4.496876218077221488e+00
9.177668179357313605e+00 1.352326005560576361e+00
-5.812171994550463516e+00 -9.654013920433716089e-01
-8.894100534328217122e+00 6.624747175615059547e+00
8.832369886463171227e+00 6.330224294060975421e-01
-2.276979400577395118e+00 3.171094845940383600e+00
-4.332181892182413563e+00 5.502476445410282579e-01
1.162882853695357266e+00 -8.361769740504623627e+00
-1.024260591260054554e+01 5.375425688356791909e+00
-1.914187721812705023e+00 4.091884519842729162e+00
-8.357274272785486957e+00 3.744569973294586518e+00
-3.442340993699444240e-02 4.326562489121215549e+00
-5.980452266976321596e-01 -8.617377627812224716e+00
-4.210858556082766602e-01 -6.696634074383382540e+00
-4.654129210634641467e+00 3.032724119024817755e-01
8.549173338106843545e-01 -7.555230861809437926e+00
8.295411099866367266e+00 3.364562821004224880e+00
-8.413488364652353724e+00 6.574158469897374957e+00
-3.826139749079523478e-01 -9.703525307450597381e+00
-6.357985541549438402e+00 -1.464471875096082121e+00
-1.891845123138313545e+00 3.941349719774702276e+00
-5.140720341912848879e-01 -7.856456301743993009e+00
1.010384800678128769e+01 4.913150672461769064e-01
-1.554121274393658325e+00 -9.260909052799789265e+00
-8.917478043067900373e+00 5.426192558246333064e+00
-9.909377422674390257e-01 -7.820500325410812970e+00
6.523471723581591997e-01 -7.604582047439739867e+00
-4.405237700418686231e+00 -1.273264154931043279e+00
1.131499427131247515e+01 2.464416108198923538e+00
-4.451259498318283825e+00 3.415821770965933868e-01
-1.739122660766351025e+00 4.338063735954539091e+00
-4.361378180092509993e+00 -9.173245485790536280e-03
-8.693328717031857167e+00 5.371123195045992560e+00
-3.056569235720004940e+00 -5.870718078667128692e-01
-5.505990670708776236e+00 -5.616569800613501195e-01
-4.942523280178409806e+00 -9.934045731650352762e-01
-1.043165145206284894e+00 5.762740360704284193e+00
-1.561518115874108048e+00 3.961929587779898565e+00
-5.744280729101667760e+00 -3.238118422116785244e-01
-7.987499015279153625e+00 5.028903574283796196e+00
-5.181050895635431752e-01 -9.010301748909494535e+00
1.081883630877228519e+01 1.784764137196780176e+00
-1.464680989144747869e+00 -8.483146008089248014e+00
4.463693845048284370e-01 -8.398853163756118789e+00
1.512837267787614071e+00 -7.558885104387966791e+00
-7.905772325192874206e+00 4.845538648380828484e+00
-6.862107511152619743e-01 4.587602674303571604e+00
1.106703077939253355e+01 2.773965612718007900e-01
-2.650655451506168880e+00 3.517286174933735854e-01
-5.079571710231436832e+00 -6.222255467784599398e-02
9.239512061308166935e+00 4.982601978755665240e-01
8.067299942533317392e+00 -1.202502306249852992e-01
9.761571822304995649e+00 1.792897713527128900e+00
-7.267552018405009306e+00 6.578932829640259605e+00
-4.844991348612897042e+00 -6.681041890240267955e-01
4.720370850740502888e-01 -7.979320011541289226e+00
1.027600981357791810e+01 1.483245799221259098e+00
-9.829025492084288995e-01 -8.906986456529280005e+00
-4.953086002585434855e+00 1.848313376377358042e+00
-4.531811616033043499e-01 4.618731252917481989e+00
2.603433542981653304e+00 -8.341124260071605789e+00
1.056516541190694047e+00 -8.779739995400715813e+00
1.028972615975740368e+01 8.255330924718966568e-01
-4.260957394614420579e+00 5.683638168210770614e-01
1.192317000112657865e+01 1.407754518667772237e+00
2.879215668423354968e-01 -8.111577413111238144e+00
1.073360100936441697e+01 -1.664171662965069576e+00
-3.742441457396009086e-01 -8.504139139164172079e+00
-8.952252092325421629e+00 5.983762382696942161e+00
6.231067356155212122e-01 -1.024953816173604615e+01
8.581991260726592685e+00 8.039307774508182014e-01
9.306012974027856544e+00 8.837424848103780928e-02
-8.365185841026125502e+00 7.036615365536049715e+00
1.068586374910582393e+01 9.404082230592395453e-01
-9.170425228179459154e+00 6.181346148088247894e+00
-3.329303563170744162e+00 1.674797655692187082e+00
-1.800535265771164850e+00 4.328452753734818081e+00
-9.160843455911125588e+00 4.250063384642365882e+00
-1.457784427842171437e+00 5.969622350785031450e+00
-1.907590872005298754e+00 3.446232980017226666e+00
-8.999263931993775500e+00 5.882684778134423809e+00
9.793416352916610279e+00 1.750613597224803808e-02
-6.618420227277006518e-01 4.818412030861046524e+00
-1.343615909435433187e+00 -6.421835014288276966e+00
-7.085905965306005250e-01 -9.359192779253350025e+00
-1.008207186777380526e+00 5.353581187708035927e+00
-1.641206997901602183e+00 5.795050477719746240e+00
-9.325875685029072493e-02 4.306055162434000216e+00
-8.667690529475086336e+00 6.295669954581868843e+00
1.082217847315626535e+01 6.765460654684340991e-01
-1.603127533790863035e+00 3.855779972662379596e+00
-7.968534838324104363e+00 5.337019429610645460e+00
9.415905932516235310e+00 1.500627544077697939e+00
-4.184719881342757297e+00 1.999382809138551265e-01
-6.710093695016518256e-02 -8.189632607699433464e+00
-1.136104401615623427e+00 4.229263778596145329e+00
-1.383400481077074584e+00 2.700566595395194280e+00
-4.435156651934702765e+00 1.185182795961300606e+00
-1.124361523789483508e+00 -7.541954447549931828e+00
-1.395434593129342149e-01 -1.035622470392484828e+01
9.391531975985682124e+00 1.572455002759313825e+00
-4.936968792447020249e+00 9.943466106258785908e-01
-9.667426134779038449e+00 4.548359033726919520e+00
-6.561815350188915374e+00 5.835677691439486559e+00
-8.864220693882419511e+00 4.752453207674484759e+00
-5.140865067295409929e+00 8.960764627552521011e-01
-6.213887225894595190e+00 6.467415174056118765e+00
8.948559421063583486e+00 7.166630153573304574e-01
1.092144281978165310e+01 2.466367936213198497e+00
-7.997496512263603918e+00 6.710666330461375395e+00
-2.707428028503125361e+00 5.250788780351734353e+00
-6.511511038261683204e+00 1.255421169147964700e-01
-1.665881437031698775e+00 3.635817945997478429e+00
-1.006208266891125014e+01 5.856348679845150507e+00
-9.632668810665987458e-01 2.914618867538509406e+00
-7.229192439553030702e+00 6.412297280366231256e+00
9.566837929039675004e+00 2.323952604624265561e+00
-1.223900366833550413e+00 3.421659863093010401e+00
-8.486828683978473009e+00 6.991375974798796022e+00
9.365628925409946959e+00 -3.892534656394184278e-01
-4.282655442358940689e+00 -1.424218307677086015e+00
-1.320282039293924736e+00 3.230056520147944532e+00
9.916606072966427377e+00 1.232512903649280789e+00
2.782248463853224107e-01 -7.163130399852828845e+00
1.000485802768140475e+00 -8.523106601198247034e+00
-7.185630653762462572e+00 5.010113038739985925e+00
-7.847205014690384672e+00 6.603724224929526265e+00
-8.637125781682498671e-01 -8.734769195335561065e+00
-8.659194751672576018e+00 6.036880587558111522e+00
-1.697358541846561319e+00 5.041876483914647267e+00
-7.000389685418043628e-01 -9.856954415070971365e+00
-9.184887408644396345e+00 6.094501267041368742e+00
-7.509633728129447405e+00 5.882012268637082819e+00
-4.860835154500115607e+00 -5.114154816571647721e-01
9.640415066007015810e+00 2.898644032498171041e-01
-5.956663108216766034e+00 2.772061056687295522e-01
-4.325897630031707131e+00 -1.062345485541013934e+00
-9.290914459349703947e+00 5.790683543621211626e+00
-8.941992398172242673e+00 4.602359936087928816e+00
3.262762942314800796e-02 4.770848299686190508e+00
-6.613778540293711039e+00 4.101102202445697564e+00
-8.556946518405464275e+00 5.670883528437322241e+00
8.829764387726799058e+00 6.564425601035476232e-01
8.631974529799180118e+00 4.485158027843602624e-01
1.111745337984763005e+01 1.394073256086652668e+00
9.375670414585655976e+00 1.698048685579381933e+00
-2.628608608978278305e+00 7.701013221583353774e-01
-7.383989663742344334e+00 1.962527106417727429e-02
9.590509403065425431e+00 1.205703543389888832e+00
-4.259480477892774175e-02 -9.745834074467813579e+00
-1.015723105615894539e+01 6.613390780263182833e+00
-2.257892933894376064e+00 4.147668704595471212e+00
1.066619257893108141e+01 1.506606996037936907e+00
8.923978563188537549e+00 4.904531662268815095e-01
9.823202303237248856e+00 6.651385247560461789e-01
-2.274983292382982691e-01 -8.657311413448402604e+00
-3.938935380207947423e-01 3.294585530245411231e+00
-9.717351726376872278e+00 5.083448622098582170e+00
-8.058331598222846281e+00 4.674831188089075162e+00
-7.919253900628968168e+00 5.722256750089330879e+00
-5.383352772244896833e+00 3.078152661876167318e-01
-9.905538327140146038e+00 6.032285291141673333e+00
4.511333216060077200e-01 -7.766857012028717477e+00
1.031736817457359123e+01 2.053419996658415458e-01
8.654630152499574791e+00 1.092231812534931512e+00
-7.836721379708415647e+00 5.728998822064546026e+00
6.095166826580734887e-02 -6.548575262348089510e+00
-8.556551727793300088e-01 3.972656643445310998e+00
-3.057253149494122413e-01 -9.770396426097960330e+00
-1.455853676985086498e+00 4.995057773732730411e+00
-4.721086572462569464e+00 3.964878081167977908e-01
-9.999581740123433260e-01 5.395446444522600693e+00
-1.077308309043005963e+01 5.672207702377234817e+00
-2.321317177612468308e-02 -8.048526698748062813e+00
-1.831585592112982441e+00 -7.427585436849423850e+00
-2.366137409082484933e+00 3.415459411504723874e+00
-5.528520174178188640e+00 -1.646392252454593086e+00
9.600561256981302805e+00 2.934818585979700467e-01
-1.350771243293315660e+00 3.971079477555258919e+00
8.931268537830769461e+00 9.247817033047256441e-02
-7.541084519402464714e+00 5.450108820861079728e+00
-8.581501285994184158e+00 4.196951175074915774e+00
7.953289335913106273e-01 -9.323179595800482389e+00
-1.736491246015200440e+00 -8.932877278431456958e+00
1.031445047273991733e+01 -1.365875503715994199e+00
8.310730794193103843e-02 -7.305228057626257154e+00
-4.940003919660362008e+00 -2.312730048049372045e-01
-5.546338809173350981e+00 -2.365392682019403114e+00
-2.273174541745795363e+00 1.072867827329326423e-01
1.022193072619738352e+00 -9.417150305943533084e+00
-1.190025572008885035e+00 4.934354149160765424e+00
-1.011526718275947445e+01 6.769376838136365926e+00
6.192521790449073693e-01 -1.035966645923151574e+01
-7.916151589049404969e-01 -8.067632739300151457e+00
-5.068333979776644682e-01 5.545066016925278340e+00
-8.754942125334274294e+00 4.062273548589818262e+00
1.045871921411593419e+01 -5.116131369011258645e-01
-9.935013259139115149e+00 6.768837370146462362e+00
-7.880706060710960692e+00 5.298547790827173642e+00
1.051846464616634869e+01 -2.025047922855767180e-01
-1.371367306627411464e+00 -8.356919883036759700e+00
-2.235793363240828668e+00 5.947976232401452457e+00
-8.753867417189038491e-01 4.454014412933387845e+00
-1.053824901564203209e+01 4.936216505135484489e+00
-1.691032417803589816e+00 4.338743759601007888e+00
1.020340235465369894e+01 1.454232384683230794e+00
-6.973671634581325440e-01 4.103051028375769071e+00
-5.079919906062171364e-01 -8.978283683366939272e+00
-3.838703384013424369e-01 -8.580862952907073904e+00
-5.446673815739676350e+00 -2.416348276623623281e-01
-2.346983029303156165e+00 4.115472382707460852e+00
-4.706780136296332628e+00 5.065932279561495832e-01
1.284477265514649413e-01 -9.275851807888276568e+00
-8.543427719277586263e+00 5.423113828505339740e+00
-5.294821916360372249e+00 -4.213121868646379498e-01
-9.723547782721272625e+00 4.100787526375015091e+00
-6.558222519595990896e-02 4.035979710576604873e+00
-8.372400227309240606e+00 5.850953580357610484e+00
-2.411220054874835483e+00 5.289315475476396244e+00
-2.258023037302280045e+00 3.586076172733709377e+00
2.951783766917761120e+00 -7.422083878081775943e+00
-1.339803042511508613e+00 3.745437775567111327e+00
-6.794314804919526551e+00 4.995865229858983625e+00
2.098441391833378411e+00 -8.778570177663141294e+00
-8.459345267544579272e+00 3.804727103001914301e+00
1.278996011921629705e+00 4.944424736756832139e+00
-3.575708969508505364e-01 3.226571514562222465e+00
9.008767615009235508e-01 -1.016946754712844125e+01
8.450564448051764987e-01 -1.004700837101202637e+01
-2.556048751772241445e+00 5.908627659248410602e+00
1.090278447642168658e+01 -1.189446533464580069e+00
-1.213082794816870535e+00 -8.749557586385154906e+00
-8.173153797497947792e+00 6.817694728770922197e+00
1.426689911536200839e+00 -9.002120935015465619e+00
5.334682764682430189e-01 -8.361467808318680639e+00
9.556482754251276468e-01 -1.034239207376755409e+01
-4.308429832368557477e+00 2.300708134324350729e-01
1.033686824958722461e+01 1.919087053370005513e+00
2.422850608455026089e-01 -8.136311899272119064e+00
1.314080173839307086e-01 4.509233368289758737e+00
-5.071301805392868900e+00 3.821543211178665689e-01
-4.871175812463077293e+00 -9.878747204352057720e-02
1.680976084154610362e-01 -8.203467517306721746e+00
-4.186634449729599083e+00 1.933197812807659621e-01
-1.497879270170766608e+00 -7.481931178796001447e+00
-1.583517801199479047e+00 -9.751078877662878952e+00
3.792117448222074305e-01 -9.725108620502814105e+00
-1.846873915384346532e+00 5.233999661663292002e+00
8.651534387428878148e+00 -1.353241598827612524e-01
-6.627622292269187421e-01 2.527323475823703980e+00
-1.868440982611226930e+00 1.468987413741948522e+00
7.667766157680846462e-01 -1.019826756505432641e+01
-5.408751754564281811e+00 -6.780637037164177761e-02
-9.639858923363082699e-01 2.822213212118237280e+00
1.330734400593368560e-01 -8.902068504149809769e+00
-5.317317988684710173e+00 -4.192148224525264061e-02
-3.132658259844561144e+00 -7.758193757714914041e-01
-3.459514294679454927e-01 -9.039675518483969441e+00
1.025985760359412069e+01 2.718529957217215909e+00
1.050800096972259112e+01 9.045696917134911086e-01
1.015246995163561117e+01 3.121784708718494894e+00
-1.874846138552937580e+00 4.026396829953025502e+00
-6.660850112199942608e+00 -2.179092182140097478e+00
-7.158258082321511395e-03 6.633575619963584025e+00
1.073470679888208906e-01 -6.698385861111942674e+00
-4.740034441758884221e+00 -1.597518135348833912e+00
-8.098191303459689738e-01 6.566429565295225146e+00
-5.191615157314446449e+00 6.943891297839223098e-01
-1.705713683008045489e+00 3.144135948870607766e+00
-1.716898217622557787e-01 1.674518794864242377e+00
-3.353298216940971521e+00 6.408053977582475191e-01
-1.492988004660477319e+00 3.393316617249712230e+00
-3.149486888494553938e+00 -1.166074130837413125e-01
-3.811729420117707656e-01 -7.916386569211171675e+00
1.022076218241640433e+01 1.789319262690514112e-02
-1.055820422894335087e+00 -8.810281724196482145e+00
-9.266780754128667308e-01 4.065408108078715443e+00
9.014451229101728913e+00 1.028908037289816724e+00
-5.747020603052188648e+00 5.806168792390032918e-01
-4.917394654116517216e+00 -4.620718823160235855e-01
-4.956414674329165493e+00 -1.777451598210334494e+00
-5.433825018707344690e+00 3.045146721478629304e-01
-8.879062067948542136e+00 3.310060742830570391e+00
-5.202954921458578852e+00 -2.951600628547721983e-01
-1.602930222384514547e+00 5.233844143828207507e+00
1.360697117369031428e+00 -7.660817038157703429e+00
-8.835502525185821909e+00 6.386880418919290037e+00
1.088142788823481766e+01 4.649646635254456872e-01
-2.109066648232380103e+00 5.127857794592706853e+00
-1.278308605669504106e+00 -8.447350267794062617e+00
-5.509693866282693975e+00 1.268254290729371216e-02
-8.144084364393130215e+00 5.424552261785479779e+00
-9.656734714163832667e-01 4.708569423339316273e+00
9.192058521705178009e+00 2.264461350870340395e-01
-1.885345781135999432e-01 -1.031568645209532065e+01
1.002383576219104633e+01 -2.861850210180261200e-02
-1.050284082405168462e-01 5.891570349037470677e+00
7.381375764148936369e-01 -7.904348049359715134e+00
-1.979204762173188303e+00 3.686720662917410074e+00
-5.706611567815549346e-01 5.748948990962048811e+00
-8.666689672870637295e+00 3.820362991843784251e+00
-8.989876712662882241e+00 5.907536697495252120e+00
3.029744263350187872e+00 -5.979521399421694028e+00
-8.669861524828821331e+00 5.007606025939156602e+00
-7.019208796749861756e-01 4.725008190640823891e+00
-4.908011580163499588e+00 1.259224599105420506e+00
6.146392347299879377e-01 -7.422724430699772391e+00
-3.787553958730103698e+00 9.894035783679420160e-01
-1.042581231106598061e+01 5.971706628618981050e+00
9.180971848752150777e+00 9.806634706287242764e-02
-8.716583291193403582e+00 4.145134432311502692e+00
9.431939366188053953e+00 6.252058323803767470e-01
-5.601317834240031601e+00 4.183855428138907318e-01
-1.038458309014305136e+01 6.234788703781611652e+00
-3.635606047768517701e+00 -1.589511485297693927e+00
9.155352570719204053e+00 1.298537093423682842e+00
1.034953427580283503e+01 -7.152354138029635156e-01
-6.775230242657346302e-01 -7.028982283687826182e+00
-1.662906527223269482e+00 3.826293725116860500e+00
9.091614665164224007e+00 1.108822355943795968e+00
-2.382724812360214051e-01 5.781565320118417617e+00
-5.465678345805023319e+00 2.255015622459599633e-01
-3.153271006247299058e-01 -8.841925676916751797e+00
1.072636939581409976e+01 8.005270533836765789e-01
1.057033123974913558e+01 6.195574394685372521e-01
-8.677361012571124022e+00 3.306955865707487341e+00
1.011411856003775966e+01 3.139817871097632662e-01
1.606794206538491476e+00 -7.135582165660412812e+00
-3.945779149098632921e+00 -1.273207034381559910e-01
9.417710028052505677e+00 2.393951153244292529e-01
-4.868440544366244183e+00 3.535152339011476408e-01
-2.860446142378007539e-01 -6.928458976521531199e+00
6.724910031598427818e-01 4.189196492137567951e+00
8.400508275249158885e+00 -1.064552331589738499e+00
-3.844025657719352118e+00 -6.220929585927233996e-01
-8.394337491950862429e+00 6.121797403871924281e+00
-3.271077321184951536e+00 9.660133726033331980e-01
-4.692195901691632365e+00 -7.568502652203161762e-01
-1.340669053028127333e+00 4.993815389278066341e+00
-4.283303226440935418e+00 -5.914352130096406368e-01
-4.294157476861847123e+00 9.942611616710617106e-01
9.805189084602943694e+00 1.119767521876731342e+00
-1.502506171394116574e+00 3.931494754858469776e+00
-5.485866514599329058e-01 4.049368625028527902e+00
-7.538896755229226310e-01 4.155669017984278568e+00
9.792594753142449537e-01 -1.146470832060856537e+01
-8.351835589287059491e+00 7.377402076026728928e+00
-1.393745630710484962e+00 -9.119443200174794484e+00
-7.435331150661494970e-01 1.707786088548433501e+00
-2.175132554028972542e+00 5.091986046885327077e+00
-3.372022637288272229e-01 5.127324427655517880e+00
-5.316471161327116945e+00 -8.697064385797159680e-01
7.326409416299449973e+00 1.964141966806745021e+00
-8.695508348337221971e-01 -8.221598641883819170e+00
9.333092300663926366e+00 1.001343486743165423e+00
-7.091762391497969942e-01 -8.893676528938367909e+00
-4.888140949424874648e+00 -2.128289119804718244e-01
6.026589431780633443e-01 -9.423381081052358610e+00
8.966138450883500255e+00 -4.323746229405602826e-01
-9.931067421646124771e-01 4.520634776889203010e+00
-5.609789652818836458e+00 -2.213953318875312437e-01
8.895872468657751497e+00 8.085777604006968433e-01
1.044467819343982740e+01 -1.392008386206751158e-01
-1.391949166284491612e+00 -9.403173878733873892e+00
-8.492940604140917671e+00 6.226743881106076905e+00
-8.090712360763344435e+00 7.845970897609992889e+00
-6.091860268091483510e-01 4.317905125504626795e+00
-7.877693659272571480e+00 5.544185658779747783e+00
9.170936008207311474e+00 -3.830438589641826930e-03
-7.981689753346038252e+00 5.567866994860884766e+00
-6.209087387301330807e+00 -7.663954186857844242e-01
-1.298697946965885475e-01 -6.924227102582510618e+00
8.309378282221842937e+00 -2.159284052082831584e-01
-4.469587718802239262e-01 4.907616863966956622e+00
9.012475060200520360e+00 5.872517825389256263e-01
-9.888780031278177063e+00 4.952198539029478042e+00
1.005684194920620733e+01 1.146410340002439687e+00
-1.131151305906589410e+00 -7.763792094113016740e-01
-2.985717138238911383e-01 5.077386459428645082e+00
-4.498200574623742121e+00 -3.163520242919195535e-01
-5.409479623573869134e+00 -1.407914627066677360e+00
-1.943555500853903079e-02 -8.064336656385183488e+00
-7.869202928637388794e+00 6.534387545033403910e+00
-7.633100970377320493e+00 5.418389443549942897e+00
-8.815951235947718345e+00 5.126449192668771637e+00
-2.361721039608265293e+00 5.084752465919173403e+00
9.452285727121356729e-01 -9.271281893390602491e+00
1.058141325655311604e+01 -3.260610541931570072e-01
-4.166649868881240337e+00 -1.739984260086898660e+00
-1.750948373295871940e+00 4.918590998440988571e+00
-3.465185785309714994e+00 -6.131863271806367033e-01
-2.658990131479289865e+00 5.193176791818289395e+00
-4.302975844653250448e+00 -5.934374789745198164e-01
-9.181668030050098572e-01 4.070610275014329815e+00
-7.456176206857362487e+00 6.198874360721842613e+00
7.779205113005102090e-01 -8.912442341644338129e+00
-9.745554278050064800e-01 -8.348552741202507121e+00
-8.490663757825918978e+00 4.408625840143720609e+00
9.501441960165650791e-01 3.639176399668535566e+00
-1.615833265891948312e-01 3.803343234896993330e+00
-8.151316455862064103e+00 4.159289273589036995e+00
1.209418218795189209e-01 -6.923824843855036271e+00
-5.486127501658394578e+00 -4.469091142660025495e-01
9.721715527423702596e+00 8.548988886798069009e-01
9.221656880822720836e+00 3.790545223935666286e-01
8.975904118710030133e+00 1.968857668212047773e+00
-4.709437015949752947e+00 3.129214015528488657e-01
8.911392324958862687e+00 1.417482619516388764e+00
1.138163386283791922e+01 -7.746687382581423087e-01
7.207864286195261094e+00 1.452554096459336863e+00
-8.173720306790063006e+00 6.409144130589811361e+00
-1.003012185936954737e+01 6.357101045356778002e+00
-3.819115208296660402e+00 1.741283714787564163e+00
-4.973249075492598870e+00 -1.320093139777244406e+00
-2.975480716676872084e-01 -9.880208589259503071e+00
8.875461049829425519e+00 5.597867401094493989e-01
-3.146355615169740716e+00 4.577572767464616277e+00
-6.120542347499606350e+00 1.327961304699962986e+00
-3.462148773081142661e+00 -8.619811328332499523e-01
-1.469469644696296928e+00 4.390743276588986888e+00
-2.108461203786566873e-01 3.973441628004685811e+00
-8.083107409231793383e+00 4.157168375951354911e+00
-8.549648078826773911e+00 6.379677655852785456e+00
3.678170587481919274e-01 4.219819055687732856e+00
-3.292592401746028852e+00 -2.272305067952435642e-01
-1.363225420794748288e+00 5.318220193646105542e+00
-7.819128508817746237e+00 6.492728149622825740e+00
-5.115902730537735366e+00 6.489481406469153058e-01
9.883097588324890381e+00 -4.860514135702675986e-02
9.791566934234982256e+00 -8.471051878552802172e-01
-6.756104162860620654e+00 5.140249051916283562e+00
-7.872688347284622079e-01 4.288255179209129686e+00
9.670496727120191593e+00 -3.238081325342843098e-01
-5.011416127629411577e+00 2.023221282535525578e-01
-1.183045217066492905e+00 3.436768618277432630e+00
-8.204422582012968590e+00 5.073771225401440432e+00
-1.938858597206540857e+00 -9.436772438563643561e+00
-6.034452754083913462e+00 2.010694869275251456e-02
-1.948953467553149466e+00 5.381566457471299358e+00
-8.107684062294366889e-01 3.478041298212844801e+00
8.477053156570189429e+00 -6.968590628363944273e-01
9.378099982362044784e+00 1.742653910886985180e+00
-8.070274339465321134e+00 5.471689006594324667e+00
-5.525407358436200234e+00 9.679224297523938425e-01
1.333731157845224891e+00 -7.071422843634216804e+00
-8.728414120412078536e-02 -8.097780175399089231e+00
-4.813375791847659180e+00 1.975587660240039345e-01
-1.457521712269983727e+00 5.428474376191935846e+00
-9.037750929224781515e-01 -6.943573700118348846e+00
-1.707576205520573875e+00 -8.236324289364695517e+00
-1.196362982990124835e-01 -6.818724826594735333e+00
1.136176796875215800e+01 2.299510715018424634e-01
9.482492333882541757e+00 -4.863211234407489592e-01
3.172184463351512829e-01 -7.717850005985383177e+00
1.005694066138228759e+00 -7.845074162337759560e+00
-5.168785961807903284e+00 3.087651066291015045e-01
-9.216387737725423079e+00 6.670845976377788311e+00
7.151122330192168919e-01 -7.953892127147314639e+00
6.650222088856831970e-01 5.368012706262871525e+00
-1.811347965037040098e-01 5.336332492178861742e+00
-4.982051310459753024e-01 -7.891393251816190002e+00
-6.329275888227141600e-01 3.421903247084661537e+00
-4.499098008035948837e+00 1.467740078059426079e+00
-9.403158027627094739e+00 6.010172675918271423e+00
-4.798224345391832735e+00 9.830817395302434702e-01
9.900670929713246693e+00 1.064618566640703312e+00
-3.184925801513440291e+00 1.009142389838150855e+00
6.729086305113675115e-01 -8.234141361317377061e+00
9.216067721012555225e-02 3.981484229616741644e+00
1.110044715996344245e+01 -1.573641523243141105e+00
8.342470987313257424e+00 2.424288835748633630e-02
-9.121939505413216409e+00 7.345953084150937507e+00
-7.622616418392095028e+00 -2.396173202045134842e-01
-8.747217018766635377e+00 4.774915760786099028e+00
-5.853211944118009491e+00 -1.264282755638604483e+00
-1.818084069268961933e+00 4.651984693198955689e+00
-2.463851071866579590e-01 -8.534634592433659961e+00
-1.535293362628689984e+00 -7.082070366337232414e+00
-2.530645255140524075e+00 4.766248265992347299e+00
1.448063303893475373e-01 -9.077555632539809238e+00
-4.016696959716171023e+00 1.735586010329625839e-01
9.800013531630158425e+00 5.346990085648930524e-01
-3.714982435279406747e+00 -8.285591359407294965e-01
-8.523506475280484551e+00 6.316932604982129718e+00
-7.512757748907350042e+00 6.159153017037238165e+00
1.001181434699248562e+01 7.107109019255247739e-01
6.701127732177030172e-01 1.645472990257434986e+00
-5.486134694521330957e+00 9.751798329291730405e-02
9.043829985173331920e+00 8.321208400129792571e-01
-4.190179820323915116e+00 7.707757079629610208e-01
-4.074474238901332868e+00 -2.108994417562541634e-01
-9.090756161611329489e+00 5.236093616382569316e+00
-2.282603000025844597e-01 5.027459559574639414e+00
-1.135140788017833247e+00 3.633131186570959237e+00
3.682337018284141950e-01 -8.791980997477578441e+00
-5.751481744059329770e+00 -2.226653038673470864e+00
-1.041097861119531842e+00 4.197319506273588630e+00
4.329098820170220741e-01 -8.720022132793216585e+00
1.017917734666272445e+01 1.662176813619377302e+00
3.631999968526021250e-01 -8.073229066464133297e+00
-9.208045815482099883e-01 4.542447150431758729e+00
-9.974973159520308386e-01 4.394687432683279660e+00
-1.004615694578616214e+00 5.594258138891834875e+00
-8.606621747759655605e+00 3.698514525519945195e+00
-9.915377929159321369e+00 4.254747279911826219e+00
-5.167288287942828795e+00 -5.318240191450416265e-01
-8.994806547825168863e+00 5.808097901778893402e+00
-9.551819106771562318e+00 3.765949878073716839e+00
-9.337927316695335378e+00 4.983896681322035782e+00
-9.382460078994242281e+00 4.439188774738398457e+00
1.028043694926314799e+01 2.356030655018374720e+00
-7.292052565738210701e-01 -8.352152238495147429e+00
1.017907362127802529e+00 -9.062006145881259300e+00
1.652593057961650791e+00 -8.391477962009878055e+00
1.103258920926577957e+01 2.330988325588730703e+00
-7.520300236709699382e-01 3.663152603082554748e+00
-2.514425985573745415e+00 6.145611150909231490e+00
8.314181062230856512e+00 -5.746746982742090282e-02
-6.518831413665545638e-01 -9.733853088553308552e+00
1.101183967172354672e+00 -8.355384585820113230e+00
-1.658659461895169773e+00 5.254855538156931516e+00
8.187917641320673567e+00 -7.749559371052885393e-01
5.548458322858517144e-01 -8.473401251857087146e+00
-1.012490980192669454e+01 6.133805201128383899e+00
-1.801570195468019442e+00 3.076846173491675440e+00
1.033501396243463688e+01 -3.157547417630302000e-03
-9.815199839593336861e+00 6.484096651468764350e+00
-4.985728708114158358e+00 -4.273288812931779757e-01
1.031145768899856918e+01 2.314955319793839728e+00
7.953793115691010662e+00 -2.064597438750190861e-01
-8.881641248084067852e-01 -8.381110024420244997e+00
-4.772212474165395513e+00 -1.330959620248205244e+00
-4.704513597790375812e+00 1.215150552281798024e+00
1.521206480160596994e-02 -8.899820412977499373e+00
8.716612627476479247e+00 3.355352054088299729e-01
-9.147479399896930374e+00 5.542508394752219125e+00
-7.835581752846358938e+00 5.820057683376765212e+00
3.765300426086191532e+00 -8.296148981434063430e+00
-1.924784774273833987e+00 2.977776403220847357e+00
-1.155633897823851797e+01 4.080375350840854232e+00
-7.791005273848656820e+00 4.858080203395931385e+00
-8.519220242381502217e+00 4.147697145655717677e+00
-3.827878198820858113e+00 9.520237193477018023e-01
9.319636842127275500e+00 1.478107442850050468e+00
9.188904462753201940e+00 9.317287133173600688e-01
-5.363109816569463284e+00 1.491123892812843410e+00
-1.542265377788896830e+00 4.781357348521384942e+00
-1.069790269735478583e-01 -7.992366684610073158e+00
3.353548582218736640e-01 -7.464719453933769344e+00
-8.773545449848683120e+00 6.895261037528966241e+00
-3.986936811213181553e+00 5.043028295953837503e-01
1.032027301197231850e+01 -4.411901835496485624e-01
9.065574430852947785e+00 2.159891657803343357e+00
-4.380622526214454027e+00 8.755646793238179570e-02
1.363880657456869372e+00 -9.191541457918813052e+00
1.158825016562208177e+01 1.217924040352674542e+00
1.020910345283023624e+01 -6.986356931879202925e-01
-3.942422299917851092e+00 2.790095328361287888e-02
1.024928956761405274e+01 -3.751606385096333263e-01
-4.286091266396113708e-01 3.084296503488854313e+00
-4.855229557342267910e+00 1.016425777162537569e+00
-7.198472477854968687e+00 5.617737172301549897e+00
1.096479444709082962e+01 2.355690295884064867e+00
-5.446078798075142391e-01 -9.513347083781114932e+00
-4.717451948303946985e+00 -3.892809921425828823e-01
9.985391125998798856e+00 -3.259651234933096386e-01
-4.300927298331058690e-02 -7.133643405175655872e+00
1.083445240632108053e+01 6.025548736285443185e-01
-7.424437663177601010e+00 5.181901526282274517e+00
-2.334573096918692414e+00 4.682716347822184488e+00
8.790526830896061128e+00 7.964051565367642471e-01
-8.082288519018275608e+00 4.155254187801354249e+00
-1.604641795444388563e+00 3.139521948626748049e+00
-4.860264116414371394e+00 9.627335961767553574e-01
-9.314424252648056957e-01 -9.723050649401763224e+00
-8.774027949321018482e+00 4.418393751344087406e+00
-3.522633018888055023e-01 -7.911089437800380431e+00
-1.517218874886939295e+00 6.127728339891220344e+00
-4.905007392128976074e-01 -7.768178648700303945e+00
-1.494142353537596613e+00 3.187545636688313255e+00
9.890053212660166793e+00 4.090254410655835837e-02
1.081515079988062134e+01 -2.761555245372944167e-01
-2.172404505360733040e+00 1.023034016504487775e+00
-5.318360152593321288e+00 8.606200833751301849e-01
-1.896530944665852925e+00 3.085507255114517733e+00
1.090969472285149777e+01 -8.428475061337972196e-01
-2.103187172462240184e+00 8.135995482093963393e-02
9.427736139195312504e+00 2.756117170896044133e-02
-1.522099639169230412e-03 -7.739959561896911922e+00
-6.691204952879800771e+00 4.533992535218373199e+00
8.069716452124234607e+00 1.052873267785132017e+00
-4.551055011427419750e+00 -3.085097819358420534e-01
-1.336189419122191913e+00 4.481132076201134851e+00
-4.901963652209325062e+00 -2.039799026037175445e+00
-7.534982443562183718e+00 5.745441707903885309e+00
-5.715978317392734986e+00 -9.759502895956849722e-01
-1.102476648028196948e-01 -7.927403739929778759e+00
-5.252618936584185771e-01 3.862621776399971285e+00
-8.200395394589831355e+00 4.849310108856767165e+00
7.816022030024036837e+00 6.406952456684746888e-01
1.032975336322261128e+01 2.653591509717079244e+00
-4.960597223139100898e+00 -1.637486951796689238e+00
-8.960011437586549832e+00 5.827855605348270629e+00
-1.786938400437427799e+00 5.642567201160590074e+00
9.799509697849617673e-02 -9.184226067605786525e+00
-5.367255228694506108e+00 -2.012364888228802773e+00
9.128029856454545898e-01 -9.837713789235865036e+00
-8.564815478553624573e+00 6.552491052524358039e+00
-8.857257335452368707e+00 4.708518983781543099e+00
9.476378769962524873e-02 -1.005295961462635645e+01
9.192392878285204461e+00 1.220068386847740438e+00
-4.854902245525621218e+00 -3.221898912538048720e-01
-1.496728736551336647e+00 -9.629804018430242252e+00
1.041600894802620303e+01 7.693042296054211082e-01
-5.581218908913904819e+00 4.305693319811505493e-01
8.934096890148152781e+00 1.787332933073753072e+00
7.984835037450964679e-01 -7.875408832810179227e+00
-4.850695827811818184e+00 9.355792719560727111e-01
-8.486076399127298941e+00 5.522712383315226958e+00
-9.061588596470649293e+00 3.476026372769601469e+00
9.005452751045817106e-01 -8.926889596742997313e+00
-3.128650072113353886e+00 -1.389055168723230649e+00
-9.052067402897504556e-01 -6.371459906864582301e+00
1.128443613616050989e+01 1.817449065340800196e+00
-9.544726720515726015e+00 4.786167263370553648e+00
-6.148375992314216720e-01 -1.038315545600806544e+01
-6.489904134162267635e-01 -8.904897701188250636e+00
8.797561462869039062e+00 1.461273908491695028e+00
1.011696677170550096e+01 2.814608376842696602e-01
-5.358795120136100820e+00 2.244574653621931593e-01
8.538188411683558243e+00 9.610995875054954007e-01
1.001221758790267913e+01 1.065100002197627127e+00
8.731188381825873535e+00 8.147798484498669502e-01
-1.853604886979787647e+00 4.659976621897875759e+00
7.634423554619179875e+00 1.116038773514093529e+00
-8.314476700042060742e+00 6.386174636443026742e+00
8.552854558494576986e-01 -7.395754830190202966e+00
-6.101405772609169276e+00 -7.937999682674710122e-01
-1.280940825048781262e+00 5.098441742408963862e+00
1.101746674032031859e+00 -9.289025408913982318e+00
9.225807937150063864e+00 -7.104865544624912044e-01
-1.832273596591880604e+00 -6.488889764815580996e+00
-3.099392106433843885e+00 4.807354509637501216e+00
8.427738782984819821e+00 4.367585935252297213e-01
-8.568609662960749773e+00 6.791461767146303785e+00
-4.317839866309306274e+00 6.867989905556420860e-01
-5.046199267074339190e+00 -6.424290835360632057e-01
-4.432946491512772980e+00 7.832715645507181135e-01
-8.141859997032357299e+00 6.333402429179653126e+00
9.501032922336520414e+00 -4.435357067747471849e-01
-8.544289337777307480e+00 6.991303161731613258e+00
8.830656551345370531e+00 8.765266208281897731e-01
2.198772810469923691e-02 -9.539796398635290942e+00
1.059290441883775635e+01 1.323515426490724067e+00
-1.409098238506778067e+00 4.632528594706496250e+00
9.976197774925543271e+00 3.515355897855889644e-01
-2.487301329069679046e+00 -1.001258364649625809e+00
5.032490691176360054e-01 -8.315247045806053450e+00
-2.175643753946302272e+00 3.209113435568218264e+00
-1.023927488017918286e+01 5.975434202862508926e+00
-4.914635240569646513e+00 4.576641972883556120e-01
-7.417885913356317751e+00 6.164258333429698311e+00
-8.295543970914895482e+00 7.338722140195116594e+00
-6.653704912737545829e-01 4.807233765042857598e+00
-1.526507267468285356e+00 5.873303069493906570e+00
-2.087489155563664767e+00 4.967503100960867890e+00
-9.763873487335528178e-01 4.618599006103893068e+00
8.973519914157026989e+00 8.029461487052128588e-01
-8.732150545758466720e+00 6.736354904896355578e+00
-3.327537996731250836e+00 3.125067451896574866e-01
-3.796195698215135472e+00 -1.109776991637984392e-02
-5.492832907429715306e+00 3.026316654688703811e-01
1.011291006772297862e+01 8.656378670447560930e-01
-5.858138071354122900e+00 2.688545827129891763e-01
-1.344692270330893002e+00 3.543559015351529951e+00
1.131919647963855358e+00 -8.253302331757490506e+00
-8.640783949252442753e+00 5.368571912111521627e+00
-1.254608744873383086e-01 -8.623475502965106898e+00
5.700528775131876724e-01 -8.270816900581658970e+00
-7.888049369836644509e+00 4.001818031534154940e+00
4.192965260563534247e-01 -8.732017912973676133e+00
-5.566578386681868551e-01 -7.370771399806244517e+00
1.069510766200640539e+01 8.567686765264714843e-01
-4.845422975241263863e+00 6.098111804941963587e-01
-4.824129643192649475e+00 1.394017061405898206e+00
-9.099263186487615229e+00 5.426827583606571359e+00
-6.814272936553777527e+00 4.861701673222525777e+00
-8.860974155807245012e+00 7.627448065563404711e+00
-8.600743361531547393e+00 5.079238543654066795e+00
-5.252961374662360683e+00 -6.600371327111899111e-01
-3.948446874067095713e+00 2.037281062794622233e-01
-1.717038077252877049e+00 -9.909117199253186570e+00
1.206532447484210513e+00 -9.480373541328258824e+00
-2.061864849252767584e+00 2.938904862739487811e+00
-3.953964748577920130e+00 -5.805780450288734462e-01
-2.044839151481420148e-01 -8.867392583168285825e+00
-5.925509304297661428e-01 -9.423952230436482225e+00
-4.948014435246017584e-02 3.290799487796249867e+00
1.107858743121952294e+01 1.839196032990800367e+00
-7.547532414577890592e+00 5.549373550963712098e+00
-6.970515692103945504e+00 5.385642877784731830e+00
-7.500741061740653137e+00 5.695395410358557342e+00
-1.052646972079620014e+01 7.662171395865140511e+00
-5.516022927016685173e+00 6.273135874650053179e-01
-4.759907342129817920e+00 7.384589894101790952e-02
-8.334924137555383084e+00 3.980106835606839422e+00
-4.019077281214046948e+00 3.899346076940377048e-01
-6.707673334591522263e+00 5.268962092889228011e+00
-5.494893324865953055e+00 -1.705795514152896875e+00
8.472417771712464685e+00 6.526872394585248038e-01
-1.001408542214855979e+00 -7.476670562367798922e+00
-5.358303618077782993e+00 5.897012438090878383e-01
9.340100848952939572e+00 -2.485597828646685770e+00
-9.610971000686054921e+00 5.281510391579616659e+00
1.165317743648567728e+01 1.453808901502297912e+00
-1.127776880715299468e+00 -8.187878944612924315e+00
-4.373430435624893420e+00 1.285189888929724189e+00
-7.974331464029924987e+00 4.874491158206629038e+00
1.071324385804335400e+01 1.983777506361828813e+00
1.037338578872597239e+01 6.392713608849897033e-01
1.159179869935622387e+00 -8.231598715056277271e+00
-1.530081981176732553e+00 -9.738603168020878442e+00
-4.452058796301399113e+00 1.938189986159605943e-02
1.086356855389636600e+01 1.649856063698644348e+00
-3.295236529331074138e+00 -1.780658967667142711e+00
-1.872790928721928871e+00 5.151163376710475639e+00
-2.585282925089220640e+00 3.526631199976169473e+00
-9.843693931500050454e+00 6.329530230229683418e+00
8.737041021329314816e-01 -9.571545023206290637e+00
-5.678391070453542966e+00 1.137298867556057053e-01
-5.270284866508245791e+00 1.958017397592715647e-01
8.660082640906260343e-01 -9.018136340613386537e+00
-1.461993516126742776e+00 5.464237266062029974e+00
-8.842652680968702938e+00 3.692005966271824757e+00
-5.376681784671926145e+00 9.501346838011742735e-01
-5.688772722115214897e+00 -8.513775401226481021e-01
-2.174476445181034723e-01 -8.543508082428221684e+00
1.043724630678569243e+00 -7.048614364357857376e+00
-6.661086191718339045e+00 5.141421255452267580e-01
-6.728710054372323279e-01 5.140304612040338839e+00
3.801294377236701383e-01 4.571208258788049150e+00
3.768166442283042983e-01 4.417119931280567791e+00
-3.921512689148289432e+00 3.986599214842476147e-01
-2.305474523030478728e+00 -8.245318275757300697e+00
8.121002446093328331e+00 -3.964100789314219941e-01
-5.405781487856317291e+00 -8.190480573058925851e-01
-8.676863282812987688e-01 4.583337335919353883e+00
-7.687074869829507717e-01 3.292664466732335260e+00
1.062750291768380428e+01 1.832527579372200011e+00
-7.391427452797641351e+00 4.790978163273132751e+00
-1.741728153576954430e+00 6.037169369713851097e+00
1.546587484558631820e+00 -7.906695436755844852e+00
8.611222623748934879e+00 8.174850111157030419e-01
1.055755318189625314e+01 -3.305110506299209217e-01
1.175236888530513113e+01 1.662997460191752097e+00
-3.182534527790901180e+00 -5.931926614251161745e-01
-1.555226994826134135e+00 4.623648543046389392e+00
-9.042290067315621016e+00 5.172581442307162547e+00
-1.943399587485998392e+00 3.498937667653478911e+00
9.700355697143651312e+00 6.008753502189547735e-01
1.145392634345073191e+01 -9.387122279519886092e-01
-3.616067346151076389e+00 -6.782863511127544820e-01
-1.256067690027068862e+00 5.550277336813705276e+00
9.753440244557561201e+00 9.281176009778375757e-01
1.034253422243537379e+01 1.523380453276415913e+00
-8.668715715329145866e+00 6.190761087403751084e+00
-5.036025476215176155e+00 2.008320003542152232e-02
3.985231807242232693e-01 -8.746955699794634498e+00
9.540783571137884778e+00 1.297795322931205586e-01
-2.163499539671058791e+00 -7.238222659152425686e-01
-4.878136054748953399e+00 9.437347217350402495e-01
-1.306190338369608295e+00 5.197082714171427753e+00
-4.845141593400509095e+00 -2.179929454536585265e+00
9.104266718915624779e+00 -5.585251700517366302e-01
-4.156851914274874993e+00 8.141938339750950382e-01
-2.597904875658084478e+00 1.147146980350740864e-01
-4.410021367404226567e+00 -7.208987912083809624e-01
9.400079761419114277e+00 9.211783659792477374e-01
-4.321256341892321107e-01 3.576302036665337525e+00
9.740983340217205466e+00 1.003160344312532315e+00
-5.485028485448549596e+00 -1.181465645240498796e+00
-8.533835655539537157e+00 6.386061186415364688e+00
-4.521262706583777380e+00 1.669999921021912970e+00
-9.430812645537118843e-01 -8.543953997191097827e+00
-8.977076196741951009e+00 6.237489010706346981e+00
-9.678054058120588721e+00 7.060351472015817365e+00
-2.382042228160248243e-01 4.821100744043315345e+00
-5.239041249432958125e+00 1.381078611775976572e-01
8.916582376020367739e-01 4.629541504677456842e+00
8.828607223057025166e+00 1.172577520081730107e-01
-1.178390729282733140e+00 3.619069609328941617e+00
-9.358879151100596872e+00 5.311217945648330385e+00
-9.908797678556410915e+00 6.099999967983333882e+00
-2.661212493526040834e+00 -1.009377146713390694e+01
8.143366609001813083e-01 -6.800544981588725335e+00
-3.817871142527201833e+00 9.160073969683641959e-01
-1.227082271628278098e+00 4.124168471368931499e+00
1.837347339215885667e-01 -8.485024606458676288e+00
-1.102584738564154065e-01 3.791444201799674119e+00
9.168831162203007423e+00 4.300769925101519120e-01
-1.917250988781797227e+00 -8.308364025305813527e+00
-9.240572015266717010e-01 5.919887912816284903e+00
-8.606211410087702518e+00 5.288899504213412150e+00
-3.617898876563463428e+00 -5.528788419627951312e-01
1.219255251990233990e+00 -7.395756978291139205e+00
-4.015098027355888277e+00 -8.233223886452173401e-01
2.328118225860973833e+00 -9.228072410394908331e+00
7.514607710240738925e+00 1.377001952795591677e+00
-2.795386123411939261e-01 -7.942477997370085419e+00
4.121762556070276973e-01 -8.220831960561268303e+00
-8.673988475347572447e+00 4.812664560352604148e+00
-4.701160821700149484e+00 -8.711499746726671933e-01
-1.133586773610167242e+00 -7.059771669457965082e+00
1.032005462393835238e+01 1.561274154375729806e+00
